15346206229836524534
16753668124151536542
17702574615808376327
16086711562682401093
1455218500830144059
13162068264231456582
14017532178260460593
10565898904726051039
13056559720516515677
15604991767296553549
11990820210666885007
5434233264010828962
14781739569353117777
1739941684229766532
16298406396066507761
14124311756289071598
6630795127144628400
7845548263702182773
3038103336551060859
6464363938484506488
8672906788655077813
7806100603424734905
10034636297473938827
7176329667780948552
14469912126364452972
13853022028965808452
13566752113420644458
10481692476921408138
5387567225024299574
4508166278386184398
8707044520816325545
13688595003859615339
17596029112519352155
16072852959228040798
5394144144787833506
3525000809541839445
10637005105195741142
12463978335226807058
6483703065967602848
13250379688146418584
13129708291015909502
11524733724495285907
10260206958938752639
8017700567204431675
8241406202692492458
3868453254408523351
1796194538293857303
4336514912281666515
3944397281117447667
5158999450558955047
13134064517879203027
5296444144284370866
12931581105993713343
10494447805820901697
5038614016531175839
12459472598164241415
3982608715099957378
11389707106791483645
4831849054795049123
17033319888864360350
6239321550412721386
13979163020845179665
15345158439557503212
6896024245116554707
9824364323985698042
15317050746422602812
2794731917740027238
13910252377416542772
9603873664727414619
15349767366934929918
15192046016256249859
2996789436395587094
9915488891430894951
1199914918201657586
10406396204278467848
17515945429229220999
8436637554578245589
12845944024474266018
18413707036501853571
18410045322884134790
13899459197132844097
13810302089405077598
10464362665737874087
6611468458900637604
15236450142913666286
584002700473428875
1381987255732668083
16206461103506154985
12732525960269342634
1789683373696356491
10783908953707056605
9793596491146798851
7057797616902268368
7897078946678553809
7941095602788235958
16994258700892241959
15485144942447752543
4478564986963745442
3624891999232500631
8208170977848226046
11631579117048124018
2458354822339583495
858723866649559387
15470618878686978312
2301409710234392292
308182727137146628
3852855951571553723
54524175116097937
1270554622498731383
13281160105408100826
8719953811692955695
1186877724854071216
15957549067191802345
18044971248550285855
17819550155204232733
7268677525612234277
14217169447901128593
6891811156187975484
4434679735805624657
13184917101050850856
8157490186381165676
10327640649750996637
1347002335741790314
4970509679832939798
3103413505495255454
15505938505530831959
2354532710966518980
7843122429201278538
12828130022615446542
8873019750266815362
18112731833269760088
17117429244906317874
5780153037689317233
8943317031408036266
4972158540073886834
11979280699665799292
12756211764641191719
3135222307094754088
238569273027671302
4713853064454096603
5662571046220090032
15330565264558407003
6415026577842483436
9723191047500547441
18081074623136259530
9886252399624182332
11521648115427480455
10295540899244426033
12352151162831919666
11754512860100078553
2207271913776384466
3034974786920622869
10965043079899240793
2964541618384137779
1074545407201429809
14093854220476987265
8522098276261919596
11990820210666885007
1799783133903039466
15692225841032326837
9681841084882639838
17775316370684491029
16887056589574805166
1055322018274741064
10082011644622315912
15923954991936921949
5014684160869630794
10486624782973573358
786042242310858146
15686305368016280148
2715028267147554225
16709135895265316751
1550182078234838927
11851782946007580432
9698423388813340942
12396214636345612611
7798002191272122985
8029009550688488358
13217317622174119976
11110780504936437548
8612069452859836425
14606300661327213989
15322822645043568254
5759718370184126728
2574254776012689276
15027854313512297463
16510725813019008861
6801601478430605720
16459187990782183826
5020412922031425600
10916460387789175673
6792739498741586403
8391234750806783707
9536432281537830557
16842053657801044141
12153943956083980288
18305407403359421084
8995723686854597565
9588826417274052839
14540074092721331687
11644846900870363600
6669354296957607758
3878119873288956219
12602525462932525702
8589214564112204931
2569493159257187143
414988589616851832
15979310719789656440
7453423203941987611
4005528968356669031
59160347122460062
690868142640364799
11769433170564473557
9558692869264194039
8825441383960385564
324318982573935556
1150077809751702178
18435811000707194623
13443231207099407114
7961289433627138944
16267179159387864520
14394341963719935090
17334504374840922225
12966128125863448076
18267352249145235171
10363676528269312955
16159630710462465290
360314627883802188
10359836548039016025
470387086070036843
4673484699362380192
11787604292947861398
6584176764622546543
3444550983339918505
11635739219928967215
8543315309150040623
18257648808775462951
1664651680070831102
2122593329446302868
8312591589282787142
14297519143347232034
17250602163803653996
12589172618982739049
12770988183158219379
3403436278120343572
7296287593304157686
13720558896118532787
5940843126877557166
8701881509008195838
572902572375750257
12721802036285652243
5032497788728206022
4998920434041249383
3052811751791254573
3000104778369217643
14437013845888663696
8320770600807954792
16846762633241138584
5894792774796538478
6497917225131152339
5148248474665363001
9794146437885776619
16479268008618825327
5638674806350731650
2332796848287394560
11316069206433078135
17638054211807846621
11239734964424718389
17130192000686465519
313596815388576031
5736472746010675041
16601150237820780187
10357949942179825288
2763183213318812247
12276573353907616644
7032857348439017077
9202125613488587176
16554510103774858615
3965506750664509007
10163865364190899321
257630442117667751
12038382583951588591
10713546116421263649
1581794430767907723
3978358829785846229
3906503243643518293
7248845446514676936
541411482392659790
17761446056554147352
1326116559162150056
4059375969220177194
8789047095883053519
15228212532069033357
13590156728067537056
5007636717633856513
17331957836416550888
16020612073751186495
11024019550542726753
17256472295123042544
6383912128496188021
16329078393208260522
5068715574031724948
2466050910636023213
6201845302065296840
3935590669945767839
5090863602341403004
16827709381615618438
3569351235036807773
10544999356515619513
1402616224716415339
13736915228709888860
14600463937846137221
3699413549393239980
16200976100222086737
17606200100544891380
9766609329323278713
11031231304767431987
8684079427778081659
210402144793124826
17116281131117979152
11010119320367758958
